W, O, G, R, B, Y

U: 6, 3, 0, 7, 4, 1, 8, 5, 2, 18, 19, 20, 12, 13, 14, 15, 16, 17, 27, 28, 29, 21, 22, 23, 24, 25, 26, 36, 37, 38, 30, 31, 32, 33, 34, 35, 9, 10, 11, 39, 40, 41, 42, 43, 44, 45, 46, 47, 48, 49, 50, 51, 52, 53

U': 2, 5, 8, 1, 4, 7, 0, 3, 6, 36, 37, 38, 12, 13, 14, 15, 16, 17, 9, 10, 11, 21, 22, 23, 24, 25, 26, 18, 19, 20, 30, 31, 32, 33, 34, 35, 27, 28, 29, 39, 40, 41, 42, 43, 44, 45, 46, 47, 48, 49, 50, 51, 52, 53

U2: 8, 7, 6, 5, 4, 3, 2, 1, 0, 27, 28 ,29, 12 ,13, 14, 15, 16, 17, 36, 37, 38, 21, 22, 23, 24, 25, 26, 9, 10, 11, 30, 31, 32, 33, 34, 35, 18, 19, 20, 39, 40, 41, 42, 43, 44, 45, 46, 47, 48, 49, 50, 51, 52, 53

L: 35, 1, 2, 32, 4, 5, 29, 7, 8, 0, 10, 11, 3, 13, 14, 6, 16, 17, 18, 19, 20, 21, 22, 23, 24, 25, 26, 27, 28, 51, 30, 31, 48, 33, 34, 45, 42, 39, 36, 43, 40, 37, 44, 41, 38, 9, 46, 47, 12, 49, 50, 15, 52, 53

L': 9, 1, 2, 12, 4, 5, 15, 7, 8, 45, 10, 11, 48, 13, 14, 51, 16, 17, 18, 19, 20, 21, 22, 23, 24, 25, 26, 27, 28, 6, 30, 31, 3, 33, 34, 0, 38, 41, 44, 37, 40, 43, 36, 39, 42, 35, 46, 47, 32, 49, 50, 29, 52, 53

L2: 45, 1, 2, 48, 4, 5, 51, 7, 8, 35, 10, 11, 32, 13, 14, 29, 16, 13, 18, 19, 20, 21, 22, 23, 24, 25, 26, 27, 28, 15, 30, 31, 12, 33, 34, 9, 44, 43, 42, 41, 40, 39, 38, 37, 36, 0, 46, 47, 3, 49, 50, 6, 52, 53

F: 0, 1, 2, 3, 4, 5, 44, 41, 38, 15, 12, 9, 16, 13, 10, 17, 14, 11, 6, 19, 20, 7, 22, 23, 8, 25, 26, 27, 28, 29, 30, 31, 32, 33, 34, 35, 36, 37, 45, 39, 40, 46, 42, 43, 47, 24, 21, 18, 48, 49, 50, 51, 52, 53

F': 0, 1, 2, 3, 4, 5, 18, 21, 24, 11, 14, 17, 10, 13, 16, 9, 12, 15, 47, 19, 20, 46, 22, 23, 45, 25, 26, 27, 28, 29, 30, 31, 32, 33, 34, 35, 36, 37, 8, 39, 40, 7, 42, 43, 6, 38, 41, 44, 48, 49, 50, 51, 52, 53

F2: 0, 1, 2, 3, 4, 5, 47, 46, 45, 17, 16, 15, 14, 13, 12, 11, 10, 9, 44, 19, 20, 41, 22, 23, 38, 25, 26, 27, 28, 29, 30, 31, 32, 33, 34, 35, 36, 37, 24, 39, 40, 21, 42, 43, 18, 8, 7, 6, 48, 49, 50, 51, 52, 53

R: 0, 1, 11, 3, 4, 14, 6, 7, 17, 9, 10, 47, 12, 13, 50, 15, 16, 53, 24, 21, 18, 25, 22, 19, 26, 23, 20, 8, 28, 29, 5, 31, 32, 2, 34, 35, 36, 37, 38, 39, 40, 41, 42, 43, 44, 45, 46, 33, 48, 49, 30, 51, 52, 27

R': 0, 1, 33, 3, 4, 30, 6, 7, 27, 9, 10, 2, 12, 13, 5, 15, 16, 8, 20, 23, 26, 19, 22, 25, 18, 21, 24, 53, 28, 29, 50, 31, 32, 47, 34, 35, 36, 37, 38, 39, 40, 41, 42, 43, 44, 45, 46, 11, 48, 49, 14, 51, 52, 17

R2: 0, 1, 47, 3, 4, 50, 6, 7, 53, 9, 10, 33, 12, 13, 30, 15, 16, 27, 26, 25, 24, 23, 22, 12, 20, 19, 18, 17, 28, 29, 14, 31, 32, 11, 34, 35, 36, 37, 38, 39, 40, 41, 42, 43, 44, 45, 46, 2, 48, 49, 5, 51, 52, 8

B: 20, 23, 26, 3, 4, 5, 6, 7, 8, 9, 10, 11, 12, 13, 14, 15, 16, 17, 18, 19, 53, 21, 22, 52, 24, 25, 51, 33, 30, 27, 34, 31, 28, 35, 32, 29, 2, 37, 38, 1, 40, 41, 0, 43, 44, 45, 46, 47, 48, 49, 50, 36, 39, 42

B': 42, 39, 36, 3, 4, 5, 6, 7, 8, 9, 10, 11, 12, 13, 14, 15, 16, 17, 18, 19, 0, 21, 22, 1, 24, 25, 2, 29, 32, 35, 28, 31, 34, 27, 30, 33, 51, 37, 38, 52, 40, 41, 53, 43, 44, 45, 46, 47, 48, 49, 50, 26, 23, 20

B2: 53, 52, 51, 3, 4, 5, 6, 7, 8, 9, 10, 11, 12, 13, 14, 15, 16, 17, 18, 19, 42, 21, 22, 39, 24, 25, 36, 35, 34, 33, 32, 31, 30, 29, 28, 27, 26, 37, 38, 23, 40, 41, 20, 43, 44, 45, 46, 47, 48, 49, 50, 2, 1, 0

D: 0, 1, 2, 3, 4, 5, 6, 7, 8, 9, 10, 11, 12, 13, 14, 42, 43, 44, 18, 19, 20, 21, 22, 23, 15, 16, 17, 27, 28, 29, 30, 31, 32, 24, 25, 26, 36, 37, 38, 39, 40, 41, 33, 34, 35, 51, 48, 45, 52, 49, 46, 53, 50, 47

D': 0, 1, 2, 3, 4, 5, 6, 7, 8, 9, 10, 11, 12, 13, 14, 24, 25, 26, 18, 19, 20, 21, 22, 23, 33, 34, 35, 27, 28, 29, 30, 31, 32, 42, 43, 44, 36, 37, 38, 39, 40, 41, 15, 16, 17, 47, 50, 53, 46, 49, 52, 45, 48, 51

D2: 0, 1, 2, 3, 4, 5, 6, 7, 8, 9, 10, 11, 12, 13, 14, 33, 34, 35, 18, 19, 20, 21, 22, 23, 42, 43, 44, 27, 28, 29, 30, 31, 32, 15, 16, 17, 36, 37, 38, 39, 40, 41, 24, 25, 26, 53, 52, 51, 50, 49, 48, 47, 46, 45



private static readonly Dictionary<string, int[]> moveMappings = new Dictionary<string, int[]>
    {
        // U move (Up face clockwise)
        { "U", new[]
            { 6, 3, 0, 7, 4, 1, 8, 5, 2,
            18, 19, 20, 12, 13, 14, 15, 16, 17, 
            27, 28, 29, 21, 22, 23, 24, 25, 26, 
            36, 37, 38, 30, 31, 32, 33, 34, 35, 
            9, 10, 11, 39, 40, 41, 42, 43, 44, 
            45, 46, 47, 48, 49, 50, 51, 52, 53 } 
        },

        // U' move (Up face counter-clockwise)
        { "U'", new[]
            { 2, 5, 8, 1, 4, 7, 0, 3, 6, 
            36, 37, 38, 12, 13, 14, 15, 16, 17, 
            9, 10, 11, 21, 22, 23, 24, 25, 26, 
            18, 19, 20, 30, 31, 32, 33, 34, 35, 
            27, 28, 29, 39, 40, 41, 42, 43, 44, 
            45, 46, 47, 48, 49, 50, 51, 52, 53 } 
        },

        // U2 move (Up face 180 degrees)
        { "U2", new[]
            { 8, 7, 6, 5, 4, 3, 2, 1, 0, 
            27, 28 ,29, 12 ,13, 14, 15, 16, 17, 
            36, 37, 38, 21, 22, 23, 24, 25, 26, 
            9, 10, 11, 30, 31, 32, 33, 34, 35, 
            18, 19, 20, 39, 40, 41, 42, 43, 44, 
            45, 46, 47, 48, 49, 50, 51, 52, 53 } 
        },

        // L move (Left face clockwise)
        { "L", new[]
            { 35, 1, 2, 32, 4, 5, 29, 7, 8, 
            0, 10, 11, 3, 13, 14, 6, 16, 17, 
            18, 19, 20, 21, 22, 23, 24, 25, 26, 
            27, 28, 51, 30, 31, 48, 33, 34, 45, 
            42, 39, 36, 43, 40, 37, 44, 41, 38, 
            9, 46, 47, 12, 49, 50, 15, 52, 53 } 
        },

        // L' move (Left face counter-clockwise)
        { "L'", new[]
            { 9, 1, 2, 12, 4, 5, 15, 7, 8, 
            45, 10, 11, 48, 13, 14, 51, 16, 17, 
            18, 19, 20, 21, 22, 23, 24, 25, 26, 
            27, 28, 6, 30, 31, 3, 33, 34, 0, 
            38, 41, 44, 37, 40, 43, 36, 39, 42, 
            35, 46, 47, 32, 49, 50, 29, 52, 53 } 
        },

        // L2 move (Left face 180 degrees)
        { "L2", new[]
            { 45, 1, 2, 48, 4, 5, 51, 7, 8, 
            35, 10, 11, 32, 13, 14, 29, 16, 13, 
            18, 19, 20, 21, 22, 23, 24, 25, 26, 
            27, 28, 15, 30, 31, 12, 33, 34, 9, 
            44, 43, 42, 41, 40, 39, 38, 37, 36,
            0, 46, 47, 3, 49, 50, 6, 52, 53 } 
        },

        // F move (Front face clockwise)
        { "F", new[]
            { 0, 1, 2, 3, 4, 5, 44, 41, 38, 
            15, 12, 9, 16, 13, 10, 17, 14, 11, 
            6, 19, 20, 7, 22, 23, 8, 25, 26, 
            27, 28, 29, 30, 31, 32, 33, 34, 35, 
            36, 37, 45, 39, 40, 46, 42, 43, 47, 
            24, 21, 18, 48, 49, 50, 51, 52, 53 } 
        },

        // F' move (Front face counter-clockwise)
        { "F'", new[]
            { 0, 1, 2, 3, 4, 5, 18, 21, 24, 
            11, 14, 17, 10, 13, 16, 9, 12, 15, 
            47, 19, 20, 46, 22, 23, 45, 25, 26, 
            27, 28, 29, 30, 31, 32, 33, 34, 35, 
            36, 37, 8, 39, 40, 7, 42, 43, 6, 
            38, 41, 44, 48, 49, 50, 51, 52, 53 } 
        },

        // F2 move (Front face 180 degrees)
        { "F2", new[]
            { 0, 1, 2, 3, 4, 5, 47, 46, 45, 
            17, 16, 15, 14, 13, 12, 11, 10, 9, 
            44, 19, 20, 41, 22, 23, 38, 25, 26, 
            27, 28, 29, 30, 31, 32, 33, 34, 35, 
            36, 37, 24, 39, 40, 21, 42, 43, 18, 
            8, 7, 6, 48, 49, 50, 51, 52, 53 } 
        },
        
        // R move (Right face clockwise)
        { "R", new[]
            { 0, 1, 11, 3, 4, 14, 6, 7, 17, 
            9, 10, 47, 12, 13, 50, 15, 16, 53, 
            24, 21, 18, 25, 22, 19, 26, 23, 20, 
            8, 28, 29, 5, 31, 32, 2, 34, 35, 
            36, 37, 38, 39, 40, 41, 42, 43, 44, 
            45, 46, 33, 48, 49, 30, 51, 52, 27 } 
        },

        // R' move (Right face counter-clockwise)
        { "R'", new[]
            { 0, 1, 33, 3, 4, 30, 6, 7, 27, 
            9, 10, 2, 12, 13, 5, 15, 16, 8, 
            20, 23, 26, 19, 22, 25, 18, 21, 24, 
            53, 28, 29, 50, 31, 32, 47, 34, 35, 
            36, 37, 38, 39, 40, 41, 42, 43, 44, 
            45, 46, 11, 48, 49, 14, 51, 52, 17 } 
        },

        // R2 move (Right face 180 degrees)
        { "R2", new[]
            { 0, 1, 47, 3, 4, 50, 6, 7, 53, 
            9, 10, 33, 12, 13, 30, 15, 16, 27, 
            26, 25, 24, 23, 22, 12, 20, 19, 18, 
            17, 28, 29, 14, 31, 32, 11, 34, 35, 
            36, 37, 38, 39, 40, 41, 42, 43, 44, 
            45, 46, 2, 48, 49, 5, 51, 52, 8 } 
        }
    
        // B move (Back face clockwise)
        { "B", new[]
            { 20, 23, 26, 3, 4, 5, 6, 7, 8, 
            9, 10, 11, 12, 13, 14, 15, 16, 17, 
            18, 19, 53, 21, 22, 52, 24, 25, 51, 
            33, 30, 27, 34, 31, 28, 35, 32, 29, 
            2, 37, 38, 1, 40, 41, 0, 43, 44, 
            45, 46, 47, 48, 49, 50, 36, 39, 42 } 
        },

        // B' move (Back face counter-clockwise)
        { "B'", new[]
            { 42, 39, 36, 3, 4, 5, 6, 7, 8, 
            9, 10, 11, 12, 13, 14, 15, 16, 17, 
            18, 19, 0, 21, 22, 1, 24, 25, 2, 
            29, 32, 35, 28, 31, 34, 27, 30, 33, 
            51, 37, 38, 52, 40, 41, 53, 43, 44, 
            45, 46, 47, 48, 49, 50, 26, 23, 20 } 
        },

        // B2 move (Back face 180 degrees)
        { "B2", new[]
            { 53, 52, 51, 3, 4, 5, 6, 7, 8, 
            9, 10, 11, 12, 13, 14, 15, 16, 17, 
            18, 19, 42, 21, 22, 39, 24, 25, 36, 
            35, 34, 33, 32, 31, 30, 29, 28, 27, 
            26, 37, 38, 23, 40, 41, 20, 43, 44, 
            45, 46, 47, 48, 49, 50, 2, 1, 0 } 
        },

        // D move (Down face clockwise)
        { "D", new[]
            { 0, 1, 2, 3, 4, 5, 6, 7, 8, 
            9, 10, 11, 12, 13, 14, 42, 43, 44, 
            18, 19, 20, 21, 22, 23, 15, 16, 17, 
            27, 28, 29, 30, 31, 32, 24, 25, 26, 
            36, 37, 38, 39, 40, 41, 33, 34, 35, 
            51, 48, 45, 52, 49, 46, 53, 50, 47 } 
        },

        // D' move (Down face counter-clockwise)
        { "D'", new[]
            { 0, 1, 2, 3, 4, 5, 6, 7, 8, 
            9, 10, 11, 12, 13, 14, 24, 25, 26, 
            18, 19, 20, 21, 22, 23, 33, 34, 35, 
            27, 28, 29, 30, 31, 32, 42, 43, 44, 
            36, 37, 38, 39, 40, 41, 15, 16, 17, 
            47, 50, 53, 46, 49, 52, 45, 48, 51 } 
        },

        // D2 move (Down face 180 degrees)
        { "D2", new[]
            { 0, 1, 2, 3, 4, 5, 6, 7, 8, 
            9, 10, 11, 12, 13, 14, 33, 34, 35, 
            18, 19, 20, 21, 22, 23, 42, 43, 44, 
            27, 28, 29, 30, 31, 32, 15, 16, 17, 
            36, 37, 38, 39, 40, 41, 24, 25, 26, 
            53, 52, 51, 50, 49, 48, 47, 46, 45 } 
        },
    };







////////////





private static readonly Dictionary<string, int[]> moveMappings = new Dictionary<string, int[]>
    {
        // U move (Up face clockwise)
        { "U", new[]
            { 6, 3, 0, 7, 4, 1, 8, 5, 2,
            18, 19, 20, 12, 13, 14, 15, 16, 17, 
            27, 28, 29, 21, 22, 23, 24, 25, 26, 
            36, 37, 38, 30, 31, 32, 33, 34, 35, 
            9, 10, 11, 39, 40, 41, 42, 43, 44, 
            45, 46, 47, 48, 49, 50, 51, 52, 53 } 
        },

        // U' move (Up face counter-clockwise)
        { "U'", new[]
            { 2, 5, 8, 1, 4, 7, 0, 3, 6, 
            36, 37, 38, 12, 13, 14, 15, 16, 17, 
            9, 10, 11, 21, 22, 23, 24, 25, 26, 
            18, 19, 20, 30, 31, 32, 33, 34, 35, 
            27, 28, 29, 39, 40, 41, 42, 43, 44, 
            45, 46, 47, 48, 49, 50, 51, 52, 53 } 
        },

        // U2 move (Up face 180 degrees)
        { "U2", new[]
            { 8, 7, 6, 5, 4, 3, 2, 1, 0, 
            27, 28 ,29, 12 ,13, 14, 15, 16, 17, 
            36, 37, 38, 21, 22, 23, 24, 25, 26, 
            9, 10, 11, 30, 31, 32, 33, 34, 35, 
            18, 19, 20, 39, 40, 41, 42, 43, 44, 
            45, 46, 47, 48, 49, 50, 51, 52, 53 } 
        },

        // L move (Left face clockwise)
        { "L", new[]
            { 44, 1, 2, 41, 4, 5, 38, 7, 8, 
            15, 12, 9, 16, 13, 10, 17, 14, 11, 
            0, 19, 20, 3, 22, 23, 6, 25, 26, 
            27, 28, 29, 30, 31, 32, 33, 34, 35, 
            36, 37, 51, 39, 40, 48, 42, 43, 45,
            18, 46, 47, 21, 49, 50, 24, 52, 53 } 
        },

        // L' move (Left face counter-clockwise)
        { "L'", new[]
            { 18, 1, 2, 21, 4, 5, 24, 7, 8, 
            11, 14, 17, 10, 13, 16, 9, 12, 15, 
            45, 19, 20, 48, 22, 23, 51, 25, 26, 
            27, 28, 29, 30, 31, 32, 33, 34, 35, 
            36, 37, 6, 39, 40, 3, 42, 43, 0,
            44, 46, 47, 41, 49, 50, 38, 52, 53 } 
        },

        // L2 move (Left face 180 degrees)
        { "L2", new[]
            { 45, 1, 2, 48, 4, 5, 51, 7, 8, 
            35, 10, 11, 32, 13, 14, 29, 16, 13, 
            18, 19, 20, 21, 22, 23, 24, 25, 26, 
            27, 28, 15, 30, 31, 12, 33, 34, 9, 
            44, 43, 42, 41, 40, 39, 38, 37, 36,
            0, 46, 47, 3, 49, 50, 6, 52, 53 } 
        },

        // F move (Front face clockwise)
        { "F", new[]
            { 0, 1, 2, 3, 4, 5, 17, 14, 11, 
            9, 10, 45, 12, 13, 46, 15, 16, 47, 
            24, 21, 18, 25, 22, 19, 26, 23, 20, 
            6, 28, 29, 7, 31, 32, 8, 34, 35, 
            36, 37, 38, 39, 40, 41, 42, 43, 44, 
            33, 30, 27, 48, 49, 50, 51, 52, 53 } 
        },

        // F' move (Front face counter-clockwise)
        { "F'", new[]
            { 0, 1, 2, 3, 4, 5, 27, 30, 33, 
            9, 10, 8, 12, 13, 7, 15, 16, 6, 
            20, 23, 26, 19, 22, 25, 18, 21, 24, 
            47, 28, 29, 46, 31, 32, 45, 34, 35,
            36, 37, 38, 39, 40, 41, 42, 43, 44, 
            11, 14, 17, 48, 49, 50, 51, 52, 53 }
        },

        // F2 move (Front face 180 degrees)
        { "F2", new[]
            { 0, 1, 2, 3, 4, 5, 47, 46, 45, 
            9, 10, 33, 12, 13, 30, 15, 16, 27, 
            26, 25, 24, 23, 22, 21, 20, 19, 18, 
            17, 28, 29, 14, 31, 32, 11, 34, 35,
            36, 37, 38, 39, 40, 41, 42, 43, 44, 
            8, 7, 6, 48, 49, 50, 51, 52, 53 }
        },
        
        // R move (Right face clockwise)
        { "R", new[]
            { 0, 1, 20, 3, 4, 23, 6, 7, 26, 
            9, 10, 11, 12, 13, 14, 15, 16, 17, 
            18, 19, 47, 21, 22, 50, 24, 25, 53, 
            33, 30, 27, 34, 31, 28, 35, 32, 29, 
            8, 37, 38, 5, 40, 41, 2, 43, 44, 
            45, 46, 42, 48, 49, 39, 51, 52, 36 } 
        },

        // R' move (Right face counter-clockwise)
        { "R'", new[]
            { 0, 1, 42, 3, 4, 39, 6, 7, 36,
            9, 10, 11, 12, 13, 14, 15, 16, 17,
            18, 19, 2, 21, 22, 5, 24, 25, 8,
            29, 32, 35, 28, 31, 34, 27, 30, 33,
            53, 37, 38, 50, 40, 41, 47, 43, 44,
            45, 46, 20, 48, 49, 23, 51, 52, 26 }
        },

        // R2 move (Right face 180 degrees)
        { "R2", new[]
            { 0, 1, 47, 3, 4, 50, 6, 7, 53,
            9, 10, 11, 12, 13, 14, 15, 16, 17, 
            18, 19, 42, 21, 22, 39, 24, 25, 36, 
            35, 34, 33, 32, 31, 30, 29, 28, 27, 
            26, 37, 38, 23, 40, 41, 20, 43, 44, 
            45, 46, 2, 48, 49, 5, 51, 52, 8 } 
        },
    
        // B move (Back face clockwise)
        { "B", new[]
            { 29, 32, 35, 3, 4, 5, 6, 7, 8, 
            2, 10, 11, 1, 13, 14, 0, 16, 17, 
            18, 19, 20, 21, 22, 23, 24, 25, 26, 
            27, 28, 53, 30, 31, 52, 33, 34, 51, 
            42, 39, 36, 43, 40, 37, 44, 41, 38, 
            45, 46, 47, 48, 49, 50, 9, 12, 15 } 
        },

        // B' move (Back face counter-clockwise)
        { "B'", new[]
            { 15, 12, 9, 3, 4, 5, 6, 7, 8, 
            51, 10, 11, 52, 13, 14, 53, 16, 17,
            18, 19, 20, 21, 22, 23, 24, 25, 26,
            27, 28, 0, 30, 31, 1, 33, 34, 2, 
            38, 41, 44, 37, 40, 43, 36, 39, 42, 
            45, 46, 47, 48, 49, 50, 35, 32, 29 }
        },

        // B2 move (Back face 180 degrees)
        { "B2", new[]
            { 53, 52, 51, 3, 4, 5, 6, 7, 8, 
            35, 10, 11, 32, 13, 14, 29, 16, 17,
            18, 19, 20, 21, 22, 23, 24, 25, 26,
            27, 28, 15, 30, 31, 12, 33, 34, 9, 
            44, 43, 42, 41, 40, 39, 38, 37, 36, 
            45, 46, 47, 48, 49, 50, 2, 1, 0 }
        },

        // D move (Down face clockwise)
        { "D", new[]
            { 0, 1, 2, 3, 4, 5, 6, 7, 8, 
            9, 10, 11, 12, 13, 14, 42, 43, 44, 
            18, 19, 20, 21, 22, 23, 15, 16, 17, 
            27, 28, 29, 30, 31, 32, 24, 25, 26, 
            36, 37, 38, 39, 40, 41, 33, 34, 35, 
            51, 48, 45, 52, 49, 46, 53, 50, 47 } 
        },

        // D' move (Down face counter-clockwise)
        { "D'", new[]
            { 0, 1, 2, 3, 4, 5, 6, 7, 8, 
            9, 10, 11, 12, 13, 14, 24, 25, 26, 
            18, 19, 20, 21, 22, 23, 33, 34, 35, 
            27, 28, 29, 30, 31, 32, 42, 43, 44, 
            36, 37, 38, 39, 40, 41, 15, 16, 17, 
            47, 50, 53, 46, 49, 52, 45, 48, 51 } 
        },

        // D2 move (Down face 180 degrees)
        { "D2", new[]
            { 0, 1, 2, 3, 4, 5, 6, 7, 8, 
            9, 10, 11, 12, 13, 14, 33, 34, 35, 
            18, 19, 20, 21, 22, 23, 42, 43, 44, 
            27, 28, 29, 30, 31, 32, 15, 16, 17, 
            36, 37, 38, 39, 40, 41, 24, 25, 26, 
            53, 52, 51, 50, 49, 48, 47, 46, 45 } 
        }
    };
